min 4 samp
2000 4.795749704840614 847
4000 6.84527027027027 1480
6000 8.348187311178247 1324
8000 9.582139848357203 1187
10000 10.576116681859617 1097
12000 10.958878504672898 1070
14000 11.235912129894938 1047
16000 11.326295585412668 1042
18000 11.39980732177264 1038
20000 11.463249516441007 1034
22000 11.524271844660195 1030
24000 11.537864077669903 1030
26000 11.573929961089494 1028
28000 11.590068159688412 1027
30000 11.6318359375 1024
32000 11.629268292682926 1025
34000 11.6455078125 1024
36000 11.658203125 1024
38000 11.657560975609757 1025
40000 11.687194525904204 1023
42000 11.701857282502443 1023
44000 11.71624266144814 1022
46000 11.722113502935422 1022
48000 11.715542521994134 1023
50000 11.727984344422701 1022
52000 11.751960784313725 1020
54000 11.777013752455796 1018
56000 11.776251226692835 1019
58000 11.769607843137255 1020
60000 11.784102060843965 1019
62000 11.78900883218842 1019
64000 11.800589390962672 1018
66000 11.801571709233793 1018
68000 11.802554027504911 1018
70000 11.803536345776031 1018
72000 11.806483300589392 1018
74000 11.81041257367387 1018
76000 11.824975417895772 1017
78000 11.827925270403146 1017
80000 11.851231527093596 1015
82000 11.862919132149901 1014
84000 11.913861386138613 1010
86000 11.941468253968255 1008
88000 11.95630585898709 1007
90000 11.949404761904763 1008
92000 11.950396825396826 1008
94000 11.953373015873016 1008
96000 11.996019900497512 1005
98000 12.007960199004975 1005
[Finished in 63.0s]