min 3 samp
2000 4.779614325068871 1815
4000 6.662275449101797 1670
6000 7.935660506502396 1461
8000 9.107835531419704 1289
10000 10.131849315068493 1168
12000 10.64605734767025 1116
14000 10.920183486238532 1090
16000 11.023105360443623 1082
18000 11.113488372093023 1075
20000 11.173669467787114 1071
22000 11.247887323943662 1065
24000 11.261032863849765 1065
26000 11.284774436090226 1064
28000 11.299153339604892 1063
30000 11.33867924528302 1060
32000 11.35505193578848 1059
34000 11.369565217391305 1058
36000 11.396780303030303 1056
38000 11.403409090909092 1056
40000 11.43168880455408 1054
42000 11.438862559241706 1055
44000 11.452561669829223 1054
46000 11.461100569259962 1054
48000 11.462049335863378 1054
50000 11.473884140550807 1053
52000 11.480531813865147 1053
54000 11.494296577946768 1052
56000 11.500950570342205 1052
58000 11.502851711026617 1052
60000 11.508555133079849 1052
62000 11.521408182683158 1051
64000 11.532380952380953 1050
66000 11.533333333333333 1050
68000 11.52616555661275 1051
70000 11.527117031398667 1051
72000 11.521863117870723 1052
74000 11.533777354900096 1051
76000 11.547619047619047 1050
78000 11.550476190476191 1050
80000 11.564346997140133 1049
82000 11.575381679389313 1048
84000 11.623563218390805 1044
86000 11.649712092130518 1042
88000 11.655470249520153 1042
90000 11.657389635316699 1042
92000 11.658349328214971 1042
94000 11.661228406909789 1042
96000 11.71290944123314 1038
98000 11.721579961464354 1038
[Finished in 62.1s]